f0(x)=0.125144*x**40.125144*x**40.000000*x**30.125144*x**40.000000*x**30.000000*x**20.125144*x**40.000000*x**30.000000*x**20.000000*x**10.125144*x**40.000000*x**30.000000*x**20.000000*x**10.000000*x**0
f1(x)=-0.083366*x**4-0.083366*x**40.000000*x**3-0.083366*x**40.000000*x**30.000000*x**2-0.083366*x**40.000000*x**30.000000*x**20.000000*x**1-0.083366*x**40.000000*x**30.000000*x**20.000000*x**10.000000*x**0
f2(x)=-0.166485*x**4-0.166485*x**40.000000*x**3-0.166485*x**40.000000*x**30.000000*x**2-0.166485*x**40.000000*x**30.000000*x**20.000000*x**1-0.166485*x**40.000000*x**30.000000*x**20.000000*x**10.000000*x**0
f3(x)=-0.083225*x**4-0.083225*x**40.000000*x**3-0.083225*x**40.000000*x**30.000000*x**2-0.083225*x**40.000000*x**30.000000*x**20.000000*x**1-0.083225*x**40.000000*x**30.000000*x**20.000000*x**10.000000*x**0
f4(x)=-0.084784*x**4-0.084784*x**40.000000*x**3-0.084784*x**40.000000*x**30.000000*x**2-0.084784*x**40.000000*x**30.000000*x**20.000000*x**1-0.084784*x**40.000000*x**30.000000*x**20.000000*x**10.000000*x**0
f5(x)=-0.000211*x**4-0.000211*x**40.000000*x**3-0.000211*x**40.000000*x**30.000000*x**2-0.000211*x**40.000000*x**30.000000*x**20.000000*x**1-0.000211*x**40.000000*x**30.000000*x**20.000000*x**10.000000*x**0
f6(x)=-11.000031*x**1-11.000031*x**10.000000*x**0
+f0(x)*(x>=1)*(x<5)+f1(x)*(x>=5)*(x<9)+f2(x)*(x>=9)*(x<13)+f3(x)*(x>=13)*(x<17)+f4(x)*(x>=17)*(x<21)+f5(x)*(x>=21)*(x<25)+f6(x)*(x>=25)*(x<26)